STATION           DATE     TMAX     TMIN    
GHCND:USW00014739 20191201 250      150     
GHCND:USW00014739 20191202 250      150     
GHCND:USW00014739 20191203 250      150     
GHCND:USW00014739 20191204 250      150     
GHCND:USW00014739 20191205 250      150     
GHCND:USW00014739 20191206 250      150     
GHCND:USW00014739 20191207 250      150     
GHCND:USW00014739 20191208 250      150     
GHCND:USW00014739 20191209 250      150     
GHCND:USW00014739 20191210 250      150     
GHCND:USW00014739 20191211 250      150     
GHCND:USW00014739 20191212 250      150     
GHCND:USW00014739 20191213 250      150     
GHCND:USW00014739 20191214 250      150     
GHCND:USW00014739 20191215 250      150     
GHCND:USW00014739 20191216 250      150     
GHCND:USW00014739 20191217 250      150     
GHCND:USW00014739 20191218 250      150     
GHCND:USW00014739 20191219 250      150     
GHCND:USW00014739 20191220 250      150     
GHCND:USW00014739 20191221 250      150     
GHCND:USW00014739 20191222 250      150     
GHCND:USW00014739 20191223 250      150     
GHCND:USW00014739 20191224 250      150     
GHCND:USW00014739 20191225 250      150     
GHCND:USW00014739 20191226 250      150     
GHCND:USW00014739 20191227 250      150     
GHCND:USW00014739 20191228 250      150     
GHCND:USW00014739 20191229 250      150     
GHCND:USW00014739 20191230 250      150     
GHCND:USW00014739 20191231 250      150     
GHCND:USW00014739 20200101 250      150     
GHCND:USW00014739 20200102 250      150     
GHCND:USW00014739 20200103 250      150     
GHCND:USW00014739 20200104 250      150     
GHCND:USW00014739 20200105 250      150     
GHCND:USW00014739 20200106 250      150     
GHCND:USW00014739 20200107 250      150     
GHCND:USW00014739 20200108 250      150     
GHCND:USW00014739 20200109 250      150     
GHCND:USW00014739 20200110 250      150     
GHCND:USW00014739 20200111 250      150     
GHCND:USW00014739 20200112 250      150     
GHCND:USW00014739 20200113 250      150     
GHCND:USW00014739 20200114 250      150     
GHCND:USW00014739 20200115 250      150     
GHCND:USW00014739 20200116 250      150     
GHCND:USW00014739 20200117 250      150     
GHCND:USW00014739 20200118 250      150     
GHCND:USW00014739 20200119 250      150     
GHCND:USW00014739 20200120 250      150     
GHCND:USW00014739 20200121 250      150     
GHCND:USW00014739 20200122 250      150     
GHCND:USW00014739 20200123 250      150     
GHCND:USW00014739 20200124 250      150     
GHCND:USW00014739 20200125 250      150     
GHCND:USW00014739 20200126 250      150     
GHCND:USW00014739 20200127 250      150     
GHCND:USW00014739 20200128 250      150     
GHCND:USW00014739 20200129 250      150     
GHCND:USW00014739 20200130 250      150     
GHCND:USW00014739 20200131 250      150     
