STA1 2020 6 1 60 40 * 5
STA1 2020 6 2 60 40 * 5
STA1 2020 6 3 60 40 * 5
STA1 2020 6 4 60 40 * 5
STA1 2020 6 5 60 40 * 5
STA1 2020 6 6 60 40 * 5
STA1 2020 6 7 60 40 * 5
STA1 2020 6 8 60 40 * 5
STA1 2020 6 9 60 40 * 5
STA1 2020 6 10 60 40 * 5
STA1 2020 6 11 60 40 * 5
STA1 2020 6 12 60 40 * 5
STA1 2020 6 13 60 40 * 5
STA1 2020 6 14 60 40 * 5
STA1 2020 6 15 60 40 * 5
STA1 2020 6 16 60 40 * 5
STA1 2020 6 17 60 40 * 5
STA1 2020 6 18 60 40 * 5
STA1 2020 6 19 60 40 * 5
STA1 2020 6 20 60 40 * 5
STA1 2020 6 21 60 40 * 5
STA1 2020 6 22 60 40 * 5
STA1 2020 6 23 60 40 * 5
STA1 2020 6 24 60 40 * 5
STA1 2020 6 25 60 40 * 5
STA1 2020 6 26 60 40 * 5
STA1 2020 6 27 60 40 * 5
STA1 2020 6 28 60 40 * 5
STA1 2020 6 29 60 40 * 5
STA1 2020 6 30 60 40 * 5
STA1 2020 12 1 60 40 * 5
STA1 2020 12 2 60 40 * 5
STA1 2020 12 3 60 40 * 5
STA1 2020 12 4 60 40 * 5
STA1 2020 12 5 60 40 * 5
STA1 2020 12 6 60 40 * 5
STA1 2020 12 7 60 40 * 5
STA1 2020 12 8 60 40 * 5
STA1 2020 12 9 60 40 * 5
STA1 2020 12 10 60 40 * 5
STA1 2020 12 11 60 40 * 5
STA1 2020 12 12 60 40 * 5
STA1 2020 12 13 60 40 * 5
STA1 2020 12 14 60 40 * 5
STA1 2020 12 15 60 40 * 5
STA1 2020 12 16 60 40 * 5
STA1 2020 12 17 60 40 * 5
STA1 2020 12 18 60 40 * 5
STA1 2020 12 19 60 40 * 5
STA1 2020 12 20 60 40 * 5
STA1 2020 12 21 60 40 * 5
STA1 2020 12 22 60 40 * 5
STA1 2020 12 23 60 40 * 5
STA1 2020 12 24 60 40 * 5
STA1 2020 12 25 60 40 * 5
STA1 2020 12 26 60 40 * 5
STA1 2020 12 27 60 40 * 5
STA1 2020 12 28 60 40 * 5
STA1 2020 12 29 60 40 * 5
STA1 2020 12 30 60 40 * 5
STA1 2020 12 31 60 40 * 5
