STA1 2019 12 1 10 10 * 32.18
STA1 2019 12 2 10 10 * 32.18
STA1 2019 12 3 10 10 * 32.18
STA1 2019 12 4 10 10 * 32.18
STA1 2019 12 5 10 10 * 32.18
STA1 2019 12 6 10 10 * 32.18
STA1 2019 12 7 10 10 * 32.18
STA1 2019 12 8 10 10 * 32.18
STA1 2019 12 9 10 10 * 32.18
STA1 2019 12 10 10 10 * 32.18
STA1 2019 12 11 10 10 * 32.18
STA1 2019 12 12 10 10 * 32.18
STA1 2019 12 13 10 10 * 32.18
STA1 2019 12 14 10 10 * 32.18
STA1 2019 12 15 10 10 * 32.18
STA1 2019 12 16 10 10 * 32.18
STA1 2019 12 17 10 10 * 32.18
STA1 2019 12 18 10 10 * 32.18
STA1 2019 12 19 10 10 * 32.18
STA1 2019 12 20 10 10 * 32.18
STA1 2019 12 21 10 10 * 32.18
STA1 2019 12 22 10 10 * 32.18
STA1 2019 12 23 10 10 * 32.18
STA1 2019 12 24 10 10 * 32.18
STA1 2019 12 25 10 10 * 32.18
STA1 2019 12 26 10 10 * 32.18
STA1 2019 12 27 10 10 * 32.18
STA1 2019 12 28 10 10 * 32.18
STA1 2019 12 29 10 10 * 32.18
STA1 2019 12 30 10 10 * 32.18
STA1 2019 12 31 10 10 * 32.18
STA1 2020 1 1 10 10 * 32.18
STA1 2020 1 2 10 10 * 32.18
STA1 2020 1 3 10 10 * 32.18
STA1 2020 1 4 10 10 * 32.18
STA1 2020 1 5 10 10 * 32.18
STA1 2020 1 6 10 10 * 32.18
STA1 2020 1 7 10 10 * 32.18
STA1 2020 1 8 10 10 * 32.18
STA1 2020 1 9 10 10 * 32.18
STA1 2020 1 10 10 10 * 32.18
STA1 2020 1 11 10 10 * 32.18
STA1 2020 1 12 10 10 * 32.18
STA1 2020 1 13 10 10 * 32.18
STA1 2020 1 14 10 10 * 32.18
STA1 2020 1 15 10 10 * 32.18
STA1 2020 1 16 10 10 * 32.18
STA1 2020 1 17 10 10 * 32.18
STA1 2020 1 18 10 10 * 32.18
STA1 2020 1 19 10 10 * 32.18
STA1 2020 1 20 10 10 * 32.18
STA1 2020 1 21 10 10 * 32.18
STA1 2020 1 22 10 10 * 32.18
STA1 2020 1 23 10 10 * 32.18
STA1 2020 1 24 10 10 * 32.18
STA1 2020 1 25 10 10 * 32.18
STA1 2020 1 26 10 10 * 32.18
STA1 2020 1 27 10 10 * 32.18
STA1 2020 1 28 10 10 * 32.18
STA1 2020 1 29 10 10 * 32.18
STA1 2020 1 30 10 10 * 32.18
STA1 2020 1 31 10 10 * 32.18
